  2.000000000000000E-005  2.000000000000000E-005   8.57024004790542     
  0.296457500000000       2.000000000000000E-005   8.41316251585529     
  0.592895000000000       2.000000000000000E-005   7.61686257953689     
  0.889332500000000       2.000000000000000E-005   6.49239603379363     
   1.18577000000000       2.000000000000000E-005   5.47925719105561     
   1.48220750000000       2.000000000000000E-005   4.66765368639099     
   1.77864500000000       2.000000000000000E-005   4.02252740038421     
   2.07508250000000       2.000000000000000E-005   3.49788231675860     
   2.37152000000000       2.000000000000000E-005   3.06419016811214     
   2.66795750000000       2.000000000000000E-005   2.72344330871166     
   2.96439500000000       2.000000000000000E-005   2.45093299152853     
   3.26083250000000       2.000000000000000E-005   2.22801665756723     
   3.55727000000000       2.000000000000000E-005   2.04227981090282     
   3.85370750000000       2.000000000000000E-005   1.88513410603278     
   4.15014500000000       2.000000000000000E-005   1.75044811023886     
   4.44658250000000       2.000000000000000E-005   1.63372706570895     
   4.74302000000000       2.000000000000000E-005   1.53160080499624     
   5.03945750000000       2.000000000000000E-005   1.44149266400296     
   5.33589500000000       2.000000000000000E-005   1.36139888631776     
   5.63233250000000       2.000000000000000E-005   1.28973775628548     
   5.92877000000000       2.000000000000000E-005   1.22524402848236     
   6.22520750000000       2.000000000000000E-005   1.16689354069865     
   6.52164500000000       2.000000000000000E-005   1.11384839899330     
   6.81808250000000       2.000000000000000E-005   1.06541646951505     
   7.11452000000000       2.000000000000000E-005   1.02102100183632     
  2.000000000000000E-005  0.296457500000000        8.41316251556585     
  0.296457500000000       0.296457500000000        8.14308512311049     
  0.592895000000000       0.296457500000000        7.33833055946192     
  0.889332500000000       0.296457500000000        6.30615249816664     
   1.18577000000000       0.296457500000000        5.36533216642875     
   1.48220750000000       0.296457500000000        4.59579002757097     
   1.77864500000000       0.296457500000000        3.97493648771518     
   2.07508250000000       0.296457500000000        3.46360784480675     
   2.37152000000000       0.296457500000000        3.04038796038298     
   2.66795750000000       0.296457500000000        2.70672138301620     
   2.96439500000000       0.296457500000000        2.43873690573533     
   3.26083250000000       0.296457500000000        2.21884897566993     
   3.55727000000000       0.296457500000000        2.03521506800618     
   3.85370750000000       0.296457500000000        1.87957518698774     
   4.15014500000000       0.296457500000000        1.74599571521987     
   4.44658250000000       0.296457500000000        1.63010596736691     
   4.74302000000000       0.296457500000000        1.52861630246630     
   5.03945750000000       0.296457500000000        1.43900388084136     
   5.33589500000000       0.296457500000000        1.35930185586863     
   5.63233250000000       0.296457500000000        1.28795439865706     
   5.92877000000000       0.296457500000000        1.22371478524107     
   6.22520750000000       0.296457500000000        1.16557234313940     
   6.52164500000000       0.296457500000000        1.11269916173674     
   6.81808250000000       0.296457500000000        1.06441060301610     
   7.11452000000000       0.296457500000000        1.02013561897719     
  2.000000000000000E-005  0.592895000000000        7.61686258034953     
  0.296457500000000       0.592895000000000        7.33833056044014     
  0.592895000000000       0.592895000000000        6.65566536946730     
  0.889332500000000       0.592895000000000        5.83693567720082     
   1.18577000000000       0.592895000000000        5.06312897810185     
   1.48220750000000       0.592895000000000        4.39772871231164     
   1.77864500000000       0.592895000000000        3.83916514901250     
   2.07508250000000       0.592895000000000        3.36635184336739     
   2.37152000000000       0.592895000000000        2.97223751466016     
   2.66795750000000       0.592895000000000        2.65836922296437     
   2.96439500000000       0.592895000000000        2.40322391620222     
   3.26083250000000       0.592895000000000        2.19201620245624     
   3.55727000000000       0.592895000000000        2.01445622774889     
   3.85370750000000       0.592895000000000        1.86319117841268     
   4.15014500000000       0.592895000000000        1.73284123870468     
   4.44658250000000       0.592895000000000        1.61938663434638     
   4.74302000000000       0.592895000000000        1.51976731670650     
   5.03945750000000       0.592895000000000        1.43161490509315     
   5.33589500000000       0.592895000000000        1.35306903528916     
   5.63233250000000       0.592895000000000        1.28264888904132     
   5.92877000000000       0.592895000000000        1.21916160919208     
   6.22520750000000       0.592895000000000        1.16163587879657     
   6.52164500000000       0.592895000000000        1.10927299092960     
   6.81808250000000       0.592895000000000        1.06141028527065     
   7.11452000000000       0.592895000000000        1.01749346671268     
  2.000000000000000E-005  0.889332500000000        6.49239603544556     
  0.296457500000000       0.889332500000000        6.30615249923023     
  0.592895000000000       0.889332500000000        5.83693567731950     
  0.889332500000000       0.889332500000000        5.24795754864936     
   1.18577000000000       0.889332500000000        4.65704698681638     
   1.48220750000000       0.889332500000000        4.11657045381137     
   1.77864500000000       0.889332500000000        3.63801122102180     
   2.07508250000000       0.889332500000000        3.21764810492259     
   2.37152000000000       0.889332500000000        2.86830269514089     
   2.66795750000000       0.889332500000000        2.58328861503331     
   2.96439500000000       0.889332500000000        2.34735588102995     
   3.26083250000000       0.889332500000000        2.14939007370136     
   3.55727000000000       0.889332500000000        1.98123151203599     
   3.85370750000000       0.889332500000000        1.83681427179304     
   4.15014500000000       0.889332500000000        1.71156430470302     
   4.44658250000000       0.889332500000000        1.60198257357702     
   4.74302000000000       0.889332500000000        1.50535511623216     
   5.03945750000000       0.889332500000000        1.41954935148269     
   5.33589500000000       0.889332500000000        1.34286917174136     
   5.63233250000000       0.889332500000000        1.27395047219867     
   5.92877000000000       0.889332500000000        1.21168482118371     
   6.22520750000000       0.889332500000000        1.15516296513796     
   6.52164500000000       0.889332500000000        1.10363249486793     
   6.81808250000000       0.889332500000000        1.05646575120024     
   7.11452000000000       0.889332500000000        1.01313522509617     
  2.000000000000000E-005   1.18577000000000        5.47925719321361     
  0.296457500000000        1.18577000000000        5.36533216745615     
  0.592895000000000        1.18577000000000        5.06312897801471     
  0.889332500000000        1.18577000000000        4.65704698645532     
   1.18577000000000        1.18577000000000        4.22009042576235     
   1.48220750000000        1.18577000000000        3.79395704210735     
   1.77864500000000        1.18577000000000        3.39593048646342     
   2.07508250000000        1.18577000000000        3.03910898436355     
   2.37152000000000        1.18577000000000        2.73970656486589     
   2.66795750000000        1.18577000000000        2.48818332050209     
   2.96439500000000        1.18577000000000        2.27533601725736     
   3.26083250000000        1.18577000000000        2.09370064850868     
   3.55727000000000        1.18577000000000        1.93737025665281     
   3.85370750000000        1.18577000000000        1.80170437554280     
   4.15014500000000        1.18577000000000        1.68305394111162     
   4.44658250000000        1.18577000000000        1.57853474131162     
   4.74302000000000        1.18577000000000        1.48585074019209     
   5.03945750000000        1.18577000000000        1.40315936954523     
   5.33589500000000        1.18577000000000        1.32896961987073     
   5.63233250000000        1.18577000000000        1.26206496963473     
   5.92877000000000        1.18577000000000        1.20144488394092     
   6.22520750000000        1.18577000000000        1.14628014810487     
   6.52164500000000        1.18577000000000        1.09587852544541     
   6.81808250000000        1.18577000000000        1.04965815376253     
   7.11452000000000        1.18577000000000        1.00712677747220     
  2.000000000000000E-005   1.48220750000000        4.66765368884685     
  0.296457500000000        1.48220750000000        4.59579002871492     
  0.592895000000000        1.48220750000000        4.39772871219884     
  0.889332500000000        1.48220750000000        4.11657045318786     
   1.18577000000000        1.48220750000000        3.79395704168700     
   1.48220750000000        1.48220750000000        3.46034520534533     
   1.77864500000000        1.48220750000000        3.13658707120157     
   2.07508250000000        1.48220750000000        2.84822932599294     
   2.37152000000000        1.48220750000000        2.59738014699248     
   2.66795750000000        1.48220750000000        2.38011756147138     
   2.96439500000000        1.48220750000000        2.19182595034503     
   3.26083250000000        1.48220750000000        2.02809472520630     
   3.55727000000000        1.48220750000000        1.88504473383205     
   3.85370750000000        1.48220750000000        1.75939307485029     
   4.15014500000000        1.48220750000000        1.64841138015258     
   4.44658250000000        1.48220750000000        1.54984931948466     
   4.74302000000000        1.48220750000000        1.46185416909257     
   5.03945750000000        1.48220750000000        1.38289824709115     
   5.33589500000000        1.48220750000000        1.31171758209749     
   5.63233250000000        1.48220750000000        1.24726169478733     
   5.92877000000000        1.48220750000000        1.18865312056946     
   6.22520750000000        1.48220750000000        1.13515501625112     
   6.52164500000000        1.48220750000000        1.08614529346925     
   6.81808250000000        1.48220750000000        1.04109594845641     
   7.11452000000000        1.48220750000000       0.999556502050760     
  2.000000000000000E-005   1.77864500000000        4.02252740285640     
  0.296457500000000        1.77864500000000        3.97493648898091     
  0.592895000000000        1.77864500000000        3.83916514907314     
  0.889332500000000        1.77864500000000        3.63801122047913     
   1.18577000000000        1.77864500000000        3.39593048598296     
   1.48220750000000        1.77864500000000        3.13658707104538     
   1.77864500000000        1.77864500000000        2.88732934685105     
   2.07508250000000        1.77864500000000        2.65760385851480     
   2.37152000000000        1.77864500000000        2.45034026491924     
   2.66795750000000        1.77864500000000        2.26542772078394     
   2.96439500000000        1.77864500000000        2.10127604884635     
   3.26083250000000        1.77864500000000        1.95572307233960     
   3.55727000000000        1.77864500000000        1.82651234891047     
   3.85370750000000        1.77864500000000        1.71151971765131     
   4.15014500000000        1.77864500000000        1.60884380144512     
   4.44658250000000        1.77864500000000        1.51682748289264     
   4.74302000000000        1.77864500000000        1.43404702192604     
   5.03945750000000        1.77864500000000        1.35928797747950     
   5.33589500000000        1.77864500000000        1.29151749558149     
   5.63233250000000        1.77864500000000        1.22985743769736     
   5.92877000000000        1.77864500000000        1.17356020520295     
   6.22520750000000        1.77864500000000        1.12198781646524     
   6.52164500000000        1.77864500000000        1.07459418320323     
   6.81808250000000        1.77864500000000        1.03091027597707     
   7.11452000000000        1.77864500000000       0.990531787085125     
  2.000000000000000E-005   2.07508250000000        3.49788231885237     
  0.296457500000000        2.07508250000000        3.46360784600251     
  0.592895000000000        2.07508250000000        3.36635184367201     
  0.889332500000000        2.07508250000000        3.21764810478218     
   1.18577000000000        2.07508250000000        3.03910898417783     
   1.48220750000000        2.07508250000000        2.84822932589590     
   1.77864500000000        2.07508250000000        2.65760385848992     
   2.07508250000000        2.07508250000000        2.47515437345194     
   2.37152000000000        2.07508250000000        2.30510528190168     
   2.66795750000000        2.07508250000000        2.14916286378923     
   2.96439500000000        2.07508250000000        2.00749783605306     
   3.26083250000000        2.07508250000000        1.87943764672294     
   3.55727000000000        2.07508250000000        1.76390713711048     
   3.85370750000000        2.07508250000000        1.65968886470447     
   4.15014500000000        2.07508250000000        1.56556660307387     
   4.44658250000000        2.07508250000000        1.48039787426683     
   4.74302000000000        2.07508250000000        1.40314541718658     
   5.03945750000000        2.07508250000000        1.33288597286456     
   5.33589500000000        2.07508250000000        1.26880724698940     
   5.63233250000000        2.07508250000000        1.21019926732018     
   5.92877000000000        2.07508250000000        1.15644358431791     
   6.22520750000000        2.07508250000000        1.10700215102574     
   6.52164500000000        2.07508250000000        1.06140679870201     
   6.81808250000000        2.07508250000000        1.01924971182838     
   7.11452000000000        2.07508250000000       0.980175028406233     
  2.000000000000000E-005   2.37152000000000        3.06419016946072     
  0.296457500000000        2.37152000000000        3.04038796127362     
  0.592895000000000        2.37152000000000        2.97223751508681     
  0.889332500000000        2.37152000000000        2.86830269526988     
   1.18577000000000        2.37152000000000        2.73970656487646     
   1.48220750000000        2.37152000000000        2.59738014698482     
   1.77864500000000        2.37152000000000        2.45034026492123     
   2.07508250000000        2.37152000000000        2.30510528190820     
   2.37152000000000        2.37152000000000        2.16586398884131     
   2.66795750000000        2.37152000000000        2.03497041515849     
   2.96439500000000        2.37152000000000        1.91348360261720     
   3.26083250000000        2.37152000000000        1.80162258739931     
   3.55727000000000        2.37152000000000        1.69910292399715     
   3.85370750000000        2.37152000000000        1.60536596213157     
   4.15014500000000        2.37152000000000        1.51972596722084     
   4.44658250000000        2.37152000000000        1.44145975387857     
   4.74302000000000        2.37152000000000        1.36985833676423     
   5.03945750000000        2.37152000000000        1.30425450067663     
   5.33589500000000        2.37152000000000        1.24403562414995     
   5.63233250000000        2.37152000000000        1.18864778683130     
   5.92877000000000        2.37152000000000        1.13759494941932     
   6.22520750000000        2.37152000000000        1.09043553189592     
   6.52164500000000        2.37152000000000        1.04677778479649     
   6.81808250000000        2.37152000000000        1.00627476670756     
   7.11452000000000        2.37152000000000       0.968619383493635     
  2.000000000000000E-005   2.66795750000000        2.72344330963164     
  0.296457500000000        2.66795750000000        2.70672138369167     
  0.592895000000000        2.66795750000000        2.65836922338388     
  0.889332500000000        2.66795750000000        2.58328861525825     
   1.18577000000000        2.66795750000000        2.48818332061417     
   1.48220750000000        2.66795750000000        2.38011756153120     
   1.77864500000000        2.66795750000000        2.26542772082205     
   2.07508250000000        2.66795750000000        2.14916286381475     
   2.37152000000000        2.66795750000000        2.03497041517173     
   2.66795750000000        2.66795750000000        1.92524881294049     
   2.96439500000000        2.66795750000000        1.82140846742602     
   3.26083250000000        2.66795750000000        1.72414066826136     
   3.55727000000000        2.66795750000000        1.63364694163160     
   3.85370750000000        2.66795750000000        1.54981526897902     
   4.15014500000000        2.66795750000000        1.47234656864361     
   4.44658250000000        2.66795750000000        1.40084105661060     
   4.74302000000000        2.66795750000000        1.33485480740171     
   5.03945750000000        2.66795750000000        1.27393531676180     
   5.33589500000000        2.66795750000000        1.21764280878975     
   5.63233250000000        2.66795750000000        1.16556214494490     
   5.92877000000000        2.66795750000000        1.11730869946783     
   6.22520750000000        2.66795750000000        1.07253046889007     
   6.52164500000000        2.66795750000000        1.03090791247299     
   6.81808250000000        2.66795750000000       0.992152494008762     
   7.11452000000000        2.66795750000000       0.956004542974440     
  2.000000000000000E-005   2.96439500000000        2.45093299220803     
  0.296457500000000        2.96439500000000        2.43873690626960     
  0.592895000000000        2.96439500000000        2.40322391658249     
  0.889332500000000        2.96439500000000        2.34735588127976     
   1.18577000000000        2.96439500000000        2.27533601741544     
   1.48220750000000        2.96439500000000        2.19182595044630     
   1.77864500000000        2.96439500000000        2.10127604891372     
   2.07508250000000        2.96439500000000        2.00749783609834     
   2.37152000000000        2.96439500000000        1.91348360264529     
   2.66795750000000        2.96439500000000        1.82140846743933     
   2.96439500000000        2.96439500000000        1.73273528893557     
   3.26083250000000        2.96439500000000        1.64835872423035     
   3.55727000000000        2.96439500000000        1.56874882342018     
   3.85370750000000        2.96439500000000        1.49407488543657     
   4.15014500000000        2.96439500000000        1.42430354508924     
   4.44658250000000        2.96439500000000        1.35927211390522     
   4.74302000000000        2.96439500000000        1.29874113074042     
   5.03945750000000        2.96439500000000        1.24243072372733     
   5.33589500000000        2.96439500000000        1.19004497006306     
   5.63233250000000        2.96439500000000        1.14128765961627     
   5.92877000000000        2.96439500000000        1.09587206237979     
   6.22520750000000        2.96439500000000        1.05352660566346     
   6.52164500000000        2.96439500000000        1.01399781973394     
   6.81808250000000        2.96439500000000       0.977051500896313     
   7.11452000000000        2.96439500000000       0.942472744128775     
  2.000000000000000E-005   3.26083250000000        2.22801665809738     
  0.296457500000000        3.26083250000000        2.21884897610646     
  0.592895000000000        3.26083250000000        2.19201620279265     
  0.889332500000000        3.26083250000000        2.14939007394738     
   1.18577000000000        3.26083250000000        2.09370064868338     
   1.48220750000000        3.26083250000000        2.02809472532934     
   1.77864500000000        3.26083250000000        1.95572307242664     
   2.07508250000000        3.26083250000000        1.87943764678417     
   2.37152000000000        3.26083250000000        1.80162258744081     
   2.66795750000000        3.26083250000000        1.72414066828680     
   2.96439500000000        3.26083250000000        1.64835872424210     
   3.26083250000000        3.26083250000000        1.57521567705284     
   3.55727000000000        3.26083250000000        1.50530567083320     
   3.85370750000000        3.26083250000000        1.43895929222125     
   4.15014500000000        3.26083250000000        1.37631434926923     
   4.44658250000000        3.26083250000000        1.31737331719073     
   4.74302000000000        3.26083250000000        1.26204772177092     
   5.03945750000000        3.26083250000000        1.21019118621334     
   5.33589500000000        3.26083250000000        1.16162330812348     
   5.63233250000000        3.26083250000000        1.11614645296296     
   5.92877000000000        3.26083250000000        1.07355725073493     
   6.22520750000000        3.26083250000000        1.03365422812892     
   6.52164500000000        3.26083250000000       0.996242676880874     
   6.81808250000000        3.26083250000000       0.961137580373216     
   7.11452000000000        3.26083250000000       0.928165199698374     
  2.000000000000000E-005   3.55727000000000        2.04227981133242     
  0.296457500000000        3.55727000000000        2.03521506837152     
  0.592895000000000        3.55727000000000        2.01445622804544     
  0.889332500000000        3.55727000000000        1.98123151226754     
   1.18577000000000        3.55727000000000        1.93737025682900     
   1.48220750000000        3.55727000000000        1.88504473396431     
   1.77864500000000        3.55727000000000        1.82651234900888     
   2.07508250000000        3.55727000000000        1.76390713718297     
   2.37152000000000        3.55727000000000        1.69910292404924     
   2.66795750000000        3.55727000000000        1.63364694166710     
   2.96439500000000        3.55727000000000        1.56874882344181     
   3.26083250000000        3.55727000000000        1.50530567084305     
   3.55727000000000        3.55727000000000        1.44394590030665     
   3.85370750000000        3.55727000000000        1.38507920732695     
   4.15014500000000        3.55727000000000        1.32894477848542     
   4.44658250000000        3.55727000000000        1.27565369636085     
   4.74302000000000        3.55727000000000        1.22522405872543     
   5.03945750000000        3.55727000000000        1.17760884712299     
   5.33589500000000        3.55727000000000        1.13271733501762     
   5.63233250000000        3.55727000000000        1.09043110491322     
   5.92877000000000        3.55727000000000        1.05061575797340     
   6.22520750000000        3.55727000000000        1.01312928650347     
   6.52164500000000        3.55727000000000       0.977827920448621     
   6.81808250000000        3.55727000000000       0.944570097023159     
   7.11452000000000        3.55727000000000       0.913219057663595     
  2.000000000000000E-005   3.85370750000000        1.88513410639055     
  0.296457500000000        3.85370750000000        1.87957518729931     
  0.592895000000000        3.85370750000000        1.86319117867468     
  0.889332500000000        3.85370750000000        1.83681427200682     
   1.18577000000000        3.85370750000000        1.80170437571335     
   1.48220750000000        3.85370750000000        1.75939307498417     
   1.77864500000000        3.85370750000000        1.71151971775511     
   2.07508250000000        3.85370750000000        1.65968886478398     
   2.37152000000000        3.85370750000000        1.60536596219118     
   2.66795750000000        3.85370750000000        1.54981526902232     
   2.96439500000000        3.85370750000000        1.49407488546616     
   3.26083250000000        3.85370750000000        1.43895929223927     
   3.55727000000000        3.85370750000000        1.38507920733522     
   3.85370750000000        3.85370750000000        1.33287017428335     
   4.15014500000000        3.85370750000000        1.28262369957147     
   4.44658250000000        3.85370750000000        1.23451706787385     
   4.74302000000000        3.85370750000000        1.18863978437756     
   5.03945750000000        3.85370750000000        1.14501584653695     
   5.33589500000000        3.85370750000000        1.10362181342943     
   5.63233250000000        3.85370750000000        1.06440104909466     
   5.92877000000000        3.85370750000000        1.02727468964090     
   6.22520750000000        3.85370750000000       0.992149917823296     
   6.52164500000000        3.85370750000000       0.958926088963655     
   6.81808250000000        3.85370750000000       0.927499179825446     
   7.11452000000000        3.85370750000000       0.897764951290869     
  2.000000000000000E-005   4.15014500000000        1.75044811054301     
  0.296457500000000        4.15014500000000        1.74599571548954     
  0.592895000000000        4.15014500000000        1.73284123893722     
  0.889332500000000        4.15014500000000        1.71156430489875     
   1.18577000000000        4.15014500000000        1.68305394127307     
   1.48220750000000        4.15014500000000        1.64841138028368     
   1.77864500000000        4.15014500000000        1.60884380155019     
   2.07508250000000        4.15014500000000        1.56556660315697     
   2.37152000000000        4.15014500000000        1.51972596728543     
   2.66795750000000        4.15014500000000        1.47234656869265     
   2.96439500000000        4.15014500000000        1.42430354512502     
   3.26083250000000        4.15014500000000        1.37631434929380     
   3.55727000000000        4.15014500000000        1.32894477850039     
   3.85370750000000        4.15014500000000        1.28262369957839     
   4.15014500000000        4.15014500000000        1.23766201989421     
   4.44658250000000        4.15014500000000        1.19427272661295     
   4.74302000000000        4.15014500000000        1.15258998442268     
   5.03945750000000        4.15014500000000        1.11268619884209     
   5.33589500000000        4.15014500000000        1.07458659472967     
   5.63233250000000        4.15014500000000        1.03828126607284     
   5.92877000000000        4.15014500000000        1.00373488207164     
   6.22520750000000        4.15014500000000       0.970894342353330     
   6.52164500000000        4.15014500000000       0.939694706169406     
   6.81808250000000        4.15014500000000       0.910063709255258     
   7.11452000000000        4.15014500000000       0.881925149345927     
  2.000000000000000E-005   4.44658250000000        1.63372706597160     
  0.296457500000000        4.44658250000000        1.63010596760296     
  0.592895000000000        4.44658250000000        1.61938663455381     
  0.889332500000000        4.44658250000000        1.60198257375574     
   1.18577000000000        4.44658250000000        1.57853474146283     
   1.48220750000000        4.44658250000000        1.54984931961070     
   1.77864500000000        4.44658250000000        1.51682748299634     
   2.07508250000000        4.44658250000000        1.48039787435106     
   2.37152000000000        4.44658250000000        1.44145975394601     
   2.66795750000000        4.44658250000000        1.40084105666351     
   2.96439500000000        4.44658250000000        1.35927211394565     
   3.26083250000000        4.44658250000000        1.31737331722036     
   3.55727000000000        4.44658250000000        1.27565369638128     
   3.85370750000000        4.44658250000000        1.23451706788637     
   4.15014500000000        4.44658250000000        1.19427272661868     
   4.44658250000000        4.44658250000000        1.15514828148861     
   4.74302000000000        4.44658250000000        1.11730292529566     
   5.03945750000000        4.44658250000000        1.08084004558085     
   5.33589500000000        4.44658250000000        1.04581856713718     
   5.63233250000000        4.44658250000000        1.01226276172991     
   5.92877000000000        4.44658250000000       0.980170485464908     
   6.22520750000000        4.44658250000000       0.949519936943138     
   6.52164500000000        4.44658250000000       0.920275097069917     
   6.81808250000000        4.44658250000000       0.892390036625013     
   7.11452000000000        4.44658250000000       0.865812277280857     
  2.000000000000000E-005   4.74302000000000        1.53160080522588     
  0.296457500000000        4.74302000000000        1.52861630267502     
  0.592895000000000        4.74302000000000        1.51976731689264     
  0.889332500000000        4.74302000000000        1.50535511639536     
   1.18577000000000        4.74302000000000        1.48585074033299     
   1.48220750000000        4.74302000000000        1.46185416921250     
   1.77864500000000        4.74302000000000        1.43404702202681     
   2.07508250000000        4.74302000000000        1.40314541727024     
   2.37152000000000        4.74302000000000        1.36985833683276     
   2.66795750000000        4.74302000000000        1.33485480745697     
   2.96439500000000        4.74302000000000        1.29874113078403     
   3.26083250000000        4.74302000000000        1.26204772180448     
   3.55727000000000        4.74302000000000        1.22522405875011     
   3.85370750000000        4.74302000000000        1.18863978439470     
   4.15014500000000        4.74302000000000        1.15258998443319     
   4.44658250000000        4.74302000000000        1.11730292530047     
   4.74302000000000        4.74302000000000        1.08294890812153     
   5.03945750000000        4.74302000000000        1.04964928135460     
   5.33589500000000        4.74302000000000        1.01748499264428     
   5.63233250000000        4.74302000000000       0.986504326544869     
   5.92877000000000        4.74302000000000       0.956729667465983     
   6.22520750000000        4.74302000000000       0.928163256241844     
   6.52164500000000        4.74302000000000       0.900791987965287     
   6.81808250000000        4.74302000000000       0.874591341866035     
   7.11452000000000        4.74302000000000       0.849528552656882     
  2.000000000000000E-005   5.03945750000000        1.44149266420581     
  0.296457500000000        5.03945750000000        1.43900388102729     
  0.592895000000000        5.03945750000000        1.43161490526098     
  0.889332500000000        5.03945750000000        1.41954935163198     
   1.18577000000000        5.03945750000000        1.40315936967607     
   1.48220750000000        5.03945750000000        1.38289824720440     
   1.77864500000000        5.03945750000000        1.35928797757637     
   2.07508250000000        5.03945750000000        1.33288597294647     
   2.37152000000000        5.03945750000000        1.30425450074512     
   2.66795750000000        5.03945750000000        1.27393531681823     
   2.96439500000000        5.03945750000000        1.24243072377311     
   3.26083250000000        5.03945750000000        1.21019118624967     
   3.55727000000000        5.03945750000000        1.17760884715105     
   3.85370750000000        5.03945750000000        1.14501584655774     
   4.15014500000000        5.03945750000000        1.11268619885646     
   4.44658250000000        5.03945750000000        1.08084004558976     
   4.74302000000000        5.03945750000000        1.04964928135868     
   5.03945750000000        5.03945750000000        1.01924377518183     
   5.33589500000000        5.03945750000000       0.989717631511392     
   5.63233250000000        5.03945750000000       0.961135127051178     
   5.92877000000000        5.03945750000000       0.933536111302067     
   6.22520750000000        5.03945750000000       0.906940770290394     
   6.52164500000000        5.03945750000000       0.881353729412659     
   6.81808250000000        5.03945750000000       0.856767519935043     
   7.11452000000000        5.03945750000000       0.833165461589092     
  2.000000000000000E-005   5.33589500000000        1.36139888649847     
  0.296457500000000        5.33589500000000        1.35930185603552     
  0.592895000000000        5.33589500000000        1.35306903544121     
  0.889332500000000        5.33589500000000        1.34286917187808     
   1.18577000000000        5.33589500000000        1.32896961999214     
   1.48220750000000        5.33589500000000        1.31171758220415     
   1.77864500000000        5.33589500000000        1.29151749567408     
   2.07508250000000        5.33589500000000        1.26880724706899     
   2.37152000000000        5.33589500000000        1.24403562421758     
   2.66795750000000        5.33589500000000        1.21764280884646     
   2.96439500000000        5.33589500000000        1.19004497011008     
   3.26083250000000        5.33589500000000        1.16162330816177     
   3.55727000000000        5.33589500000000        1.13271733504813     
   3.85370750000000        5.33589500000000        1.10362181345301     
   4.15014500000000        5.33589500000000        1.07458659474722     
   4.44658250000000        5.33589500000000        1.04581856714939     
   4.74302000000000        5.33589500000000        1.01748499265181     
   5.03945750000000        5.33589500000000       0.989717631514901     
   5.33589500000000        5.33589500000000       0.962617190227117     
   5.63233250000000        5.33589500000000       0.936257759805868     
   5.92877000000000        5.33589500000000       0.910691023817438     
   6.22520750000000        5.33589500000000       0.885950104903700     
   6.52164500000000        5.33589500000000       0.862052985200876     
   6.81808250000000        5.33589500000000       0.839005482683942     
   7.11452000000000        5.33589500000000       0.816803796016604     
  2.000000000000000E-005   5.63233250000000        1.28973775644767     
  0.296457500000000        5.63233250000000        1.28795439880778     
  0.592895000000000        5.63233250000000        1.28264888917967     
  0.889332500000000        5.63233250000000        1.27395047232424     
   1.18577000000000        5.63233250000000        1.26206496974746     
   1.48220750000000        5.63233250000000        1.24726169488747     
   1.77864500000000        5.63233250000000        1.22985743778537     
   2.07508250000000        5.63233250000000        1.21019926739687     
   2.37152000000000        5.63233250000000        1.18864778689741     
   2.66795750000000        5.63233250000000        1.16556214500121     
   2.96439500000000        5.63233250000000        1.14128765966373     
   3.26083250000000        5.63233250000000        1.11614645300240     
   3.55727000000000        5.63233250000000        1.09043110494548     
   3.85370750000000        5.63233250000000        1.06440104912039     
   4.15014500000000        5.63233250000000        1.03828126609286     
   4.44658250000000        5.63233250000000        1.01226276174485     
   4.74302000000000        5.63233250000000       0.986504326555280     
   5.03945750000000        5.63233250000000       0.961135127057650     
   5.33589500000000        5.63233250000000       0.936257759808866     
   5.63233250000000        5.63233250000000       0.911951483065701     
   5.92877000000000        5.63233250000000       0.888275420710179     
   6.22520750000000        5.63233250000000       0.865271600803208     
   6.52164500000000        5.63233250000000       0.842967745360210     
   6.81808250000000        5.63233250000000       0.821379768836421     
   7.11452000000000        5.63233250000000       0.800513972002795     
  2.000000000000000E-005   5.92877000000000        1.22524402862880     
  0.296457500000000        5.92877000000000        1.22371478537788     
  0.592895000000000        5.92877000000000        1.21916160931854     
  0.889332500000000        5.92877000000000        1.21168482129933     
   1.18577000000000        5.92877000000000        1.20144488404564     
   1.48220750000000        5.92877000000000        1.18865312066342     
   1.77864500000000        5.92877000000000        1.17356020528645     
   2.07508250000000        5.92877000000000        1.15644358439140     
   2.37152000000000        5.92877000000000        1.13759494948350     
   2.66795750000000        5.92877000000000        1.11730869952328     
   2.96439500000000        5.92877000000000        1.09587206242722     
   3.26083250000000        5.92877000000000        1.07355725077503     
   3.55727000000000        5.92877000000000        1.05061575800684     
   3.85370750000000        5.92877000000000        1.02727468966822     
   4.15014500000000        5.92877000000000        1.00373488209359     
   4.44658250000000        5.92877000000000       0.980170485481978     
   4.74302000000000        5.92877000000000       0.956729667478772     
   5.03945750000000        5.92877000000000       0.933536111311002     
   5.33589500000000        5.92877000000000       0.910691023822984     
   5.63233250000000        5.92877000000000       0.888275420712779     
   5.92877000000000        5.92877000000000       0.866352509729098     
   6.22520750000000        5.92877000000000       0.844970041800041     
   6.52164500000000        5.92877000000000       0.824162542040503     
   6.81808250000000        5.92877000000000       0.803953366322709     
   7.11452000000000        5.92877000000000       0.784356554842459     
  2.000000000000000E-005   6.22520750000000        1.16689354083159     
  0.296457500000000        6.22520750000000        1.16557234326414     
  0.592895000000000        6.22520750000000        1.16163587891253     
  0.889332500000000        6.22520750000000        1.15516296524470     
   1.18577000000000        6.22520750000000        1.14628014820237     
   1.48220750000000        6.22520750000000        1.13515501633930     
   1.77864500000000        6.22520750000000        1.12198781654437     
   2.07508250000000        6.22520750000000        1.10700215109606     
   2.37152000000000        6.22520750000000        1.09043553195801     
   2.66795750000000        6.22520750000000        1.07253046894432     
   2.96439500000000        6.22520750000000        1.05352660571043     
   3.26083250000000        6.22520750000000        1.03365422816917     
   3.55727000000000        6.22520750000000        1.01312928653751     
   3.85370750000000        6.22520750000000       0.992149917851772     
   4.15014500000000        6.22520750000000       0.970894342376724     
   4.44658250000000        6.22520750000000       0.949519936961972     
   4.74302000000000        6.22520750000000       0.928163256256547     
   5.03945750000000        6.22520750000000       0.906940770301397     
   5.33589500000000        6.22520750000000       0.885950104911437     
   5.63233250000000        6.22520750000000       0.865271600808045     
   5.92877000000000        6.22520750000000       0.844970041802299     
   6.22520750000000        6.22520750000000       0.825096436599361     
   6.52164500000000        6.22520750000000       0.805689769994642     
   6.81808250000000        6.22520750000000       0.786778665819166     
   7.11452000000000        6.22520750000000       0.768382925486161     
  2.000000000000000E-005   6.52164500000000        1.11384839911450     
  0.296457500000000        6.52164500000000        1.11269916185100     
  0.592895000000000        6.52164500000000        1.10927299103630     
  0.889332500000000        6.52164500000000        1.10363249496678     
   1.18577000000000        6.52164500000000        1.09587852553627     
   1.48220750000000        6.52164500000000        1.08614529355203     
   1.77864500000000        6.52164500000000        1.07459418327817     
   2.07508250000000        6.52164500000000        1.06140679876919     
   2.37152000000000        6.52164500000000        1.04677778485625     
   2.66795750000000        6.52164500000000        1.03090791252579     
   2.96439500000000        6.52164500000000        1.01399781978021     
   3.26083250000000        6.52164500000000       0.996242676920958     
   3.55727000000000        6.52164500000000       0.977827920483056     
   3.85370750000000        6.52164500000000       0.958926088992927     
   4.15014500000000        6.52164500000000       0.939694706193920     
   4.44658250000000        6.52164500000000       0.920275097090058     
   4.74302000000000        6.52164500000000       0.900791987981563     
   5.03945750000000        6.52164500000000       0.881353729425370     
   5.33589500000000        6.52164500000000       0.862052985210454     
   5.63233250000000        6.52164500000000       0.842967745366917     
   5.92877000000000        6.52164500000000       0.824162542044731     
   6.22520750000000        6.52164500000000       0.805689769996602     
   6.52164500000000        6.52164500000000       0.787591035756221     
   6.81808250000000        6.52164500000000       0.769898479781764     
   7.11452000000000        6.52164500000000       0.752636033042992     
  2.000000000000000E-005   6.81808250000000        1.06541646962613     
  0.296457500000000        6.81808250000000        1.06441060312113     
  0.592895000000000        6.81808250000000        1.06141028536915     
  0.889332500000000        6.81808250000000        1.05646575129188     
   1.18577000000000        6.81808250000000        1.04965815384732     
   1.48220750000000        6.81808250000000        1.04109594853414     
   1.77864500000000        6.81808250000000        1.03091027604790     
   2.07508250000000        6.81808250000000        1.01924971189236     
   2.37152000000000        6.81808250000000        1.00627476676505     
   2.66795750000000        6.81808250000000       0.992152494059944     
   2.96439500000000        6.81808250000000       0.977051500941559     
   3.26083250000000        6.81808250000000       0.961137580412906     
   3.55727000000000        6.81808250000000       0.944570097057620     
   3.85370750000000        6.81808250000000       0.927499179855102     
   4.15014500000000        6.81808250000000       0.910063709280505     
   4.44658250000000        6.81808250000000       0.892390036646214     
   4.74302000000000        6.81808250000000       0.874591341883518     
   5.03945750000000        6.81808250000000       0.856767519949166     
   5.33589500000000        6.81808250000000       0.839005482695029     
   5.63233250000000        6.81808250000000       0.821379768844767     
   5.92877000000000        6.81808250000000       0.803953366328583     
   6.22520750000000        6.81808250000000       0.786778665822847     
   6.52164500000000        6.81808250000000       0.769898479783520     
   6.81808250000000        6.81808250000000       0.753347076081864     
   7.11452000000000        6.81808250000000       0.737151188656571     
  2.000000000000000E-005   7.11452000000000        1.02102100193848     
  0.296457500000000        7.11452000000000        1.02013561907402     
  0.592895000000000        7.11452000000000        1.01749346680389     
  0.889332500000000        7.11452000000000        1.01313522518151     
   1.18577000000000        7.11452000000000        1.00712677755143     
   1.48220750000000        7.11452000000000       0.999556502123877     
   1.77864500000000        7.11452000000000       0.990531787152112     
   2.07508250000000        7.11452000000000       0.980175028467175     
   2.37152000000000        7.11452000000000       0.968619383548699     
   2.66795750000000        7.11452000000000       0.956004543023901     
   2.96439500000000        7.11452000000000       0.942472744172883     
   3.26083250000000        7.11452000000000       0.928165199737428     
   3.55727000000000        7.11452000000000       0.913219057697877     
   3.85370750000000        7.11452000000000       0.897764951320676     
   4.15014500000000        7.11452000000000       0.881925149371677     
   4.44658250000000        7.11452000000000       0.865812277302785     
   4.74302000000000        7.11452000000000       0.849528552675317     
   5.03945750000000        7.11452000000000       0.833165461604357     
   5.33589500000000        7.11452000000000       0.816803796028916     
   5.63233250000000        7.11452000000000       0.800513972012485     
   5.92877000000000        7.11452000000000       0.784356554849778     
   6.22520750000000        7.11452000000000       0.768382925491328     
   6.52164500000000        7.11452000000000       0.752636033046246     
   6.81808250000000        7.11452000000000       0.737151188658110     
   7.11452000000000        7.11452000000000       0.721956866028880     
