  2.000000000000000E-003  2.000000000000000E-003  -11.5756463481208     
  2.000000000000000E-003  0.298270416666667       -11.3379240595959     
  2.000000000000000E-003  0.594540833333333       -10.0360989343265     
  2.000000000000000E-003  0.890811250000000       -8.17471993061157     
  2.000000000000000E-003   1.18708166666667       -6.51382802831621     
  2.000000000000000E-003   1.48335208333333       -5.22155691929828     
  2.000000000000000E-003   1.77962250000000       -4.24686360277865     
  2.000000000000000E-003   2.07589291666667       -3.51458444318358     
  2.000000000000000E-003   2.37216333333333       -2.96311706195638     
  2.000000000000000E-003   2.66843375000000       -2.54505395483731     
  2.000000000000000E-003   2.96470416666667       -2.22128637908107     
  2.000000000000000E-003   3.26097458333333       -1.96430644627042     
  2.000000000000000E-003   3.55724500000000       -1.75432528102489     
  2.000000000000000E-003   3.85351541666667       -1.57772128368044     
  2.000000000000000E-003   4.14978583333333       -1.42599725020774     
  2.000000000000000E-003   4.44605625000000       -1.29431541885700     
  2.000000000000000E-003   4.74232666666667       -1.17981105928615     
  2.000000000000000E-003   5.03859708333333       -1.08018107723958     
  2.000000000000000E-003   5.33486750000000      -0.993314860599343     
  2.000000000000000E-003   5.63113791666667      -0.917214958940412     
  2.000000000000000E-003   5.92740833333333      -0.849979305209397     
  2.000000000000000E-003   6.22367875000000      -0.790310395898389     
  2.000000000000000E-003   6.51994916666667      -0.740249818435151     
  2.000000000000000E-003   6.81621958333333      -0.705845506524085     
  2.000000000000000E-003   7.11249000000000      -0.668183256646610     
  0.298270416666667       2.000000000000000E-003  -11.3379409113247     
  0.298270416666667       0.298270416666667       -10.8219549006953     
  0.298270416666667       0.594540833333333       -9.50445592753761     
  0.298270416666667       0.890811250000000       -7.83064010417433     
  0.298270416666667        1.18708166666667       -6.31188353132293     
  0.298270416666667        1.48335208333333       -5.10097936091522     
  0.298270416666667        1.77962250000000       -4.17222638395859     
  0.298270416666667        2.07589291666667       -3.46611395092920     
  0.298270416666667        2.37216333333333       -2.93069862772610     
  0.298270416666667        2.66843375000000       -2.52236551518848     
  0.298270416666667        2.96470416666667       -2.20479299820792     
  0.298270416666667        3.26097458333333       -1.95193027447898     
  0.298270416666667        3.55724500000000       -1.74478557671768     
  0.298270416666667        3.85351541666667       -1.57020519829250     
  0.298270416666667        4.14978583333333       -1.41996447640897     
  0.298270416666667        4.44605625000000       -1.28939516217521     
  0.298270416666667        4.74232666666667       -1.17575985201143     
  0.298270416666667        5.03859708333333       -1.07688794688664     
  0.298270416666667        5.33486750000000      -0.990771058770679     
  0.298270416666667        5.63113791666667      -0.915731874846340     
  0.298270416666667        5.92740833333333      -0.850449098456061     
  0.298270416666667        6.22367875000000      -0.794867422166435     
  0.298270416666667        6.51994916666667      -0.751754029190946     
  0.298270416666667        6.81621958333333      -0.719328474639298     
  0.298270416666667        7.11249000000000      -0.673113126922208     
  0.594540833333333       2.000000000000000E-003  -10.0361282655215     
  0.594540833333333       0.298270416666667       -9.50446878725819     
  0.594540833333333       0.594540833333333       -8.34049743568290     
  0.594540833333333       0.890811250000000       -7.02136018905940     
  0.594540833333333        1.18708166666667       -5.80058068685189     
  0.594540833333333        1.48335208333333       -4.78053447968483     
  0.594540833333333        1.77962250000000       -3.96738449378762     
  0.594540833333333        2.07589291666667       -3.33154391627374     
  0.594540833333333        2.37216333333333       -2.83960419792747     
  0.594540833333333        2.66843375000000       -2.45824063340526     
  0.594540833333333        2.96470416666667       -2.15809455187931     
  0.594540833333333        3.26097458333333       -1.91688867631503     
  0.594540833333333        3.55724500000000       -1.71778218044862     
  0.594540833333333        3.85351541666667       -1.54891424115796     
  0.594540833333333        4.14978583333333       -1.40283800904884     
  0.594540833333333        4.44605625000000       -1.27537033326975     
  0.594540833333333        4.74232666666667       -1.16411942557130     
  0.594540833333333        5.03859708333333       -1.06721795957806     
  0.594540833333333        5.33486750000000      -0.982968680748776     
  0.594540833333333        5.63113791666667      -0.910072553239392     
  0.594540833333333        5.92740833333333      -0.847830458674778     
  0.594540833333333        6.22367875000000      -0.796308162471888     
  0.594540833333333        6.51994916666667      -0.754447157431014     
  0.594540833333333        6.81621958333333      -0.712685490746818     
  0.594540833333333        7.11249000000000      -0.663369604002037     
  0.890811250000000       2.000000000000000E-003  -8.17474607414363     
  0.890811250000000       0.298270416666667       -7.83065587010915     
  0.890811250000000       0.594540833333333       -7.02136637525705     
  0.890811250000000       0.890811250000000       -6.06793175192599     
  0.890811250000000        1.18708166666667       -5.15133832327975     
  0.890811250000000        1.48335208333333       -4.34793796265680     
  0.890811250000000        1.77962250000000       -3.67788330419054     
  0.890811250000000        2.07589291666667       -3.13517995880955     
  0.890811250000000        2.37216333333333       -2.70392898320935     
  0.890811250000000        2.66843375000000       -2.36162314823029     
  0.890811250000000        2.96470416666667       -2.08739923374809     
  0.890811250000000        3.26097458333333       -1.86379398822362     
  0.890811250000000        3.55724500000000       -1.67689124733317     
  0.890811250000000        3.85351541666667       -1.51666816435590     
  0.890811250000000        4.14978583333333       -1.37683831947286     
  0.890811250000000        4.44605625000000       -1.25396135802596     
  0.890811250000000        4.74232666666667       -1.14615037432154     
  0.890811250000000        5.03859708333333       -1.05195318102308     
  0.890811250000000        5.33486750000000      -0.969917578097583     
  0.890811250000000        5.63113791666667      -0.898902692435870     
  0.890811250000000        5.92740833333333      -0.838046247025905     
  0.890811250000000        6.22367875000000      -0.786191945991357     
  0.890811250000000        6.51994916666667      -0.740123102415123     
  0.890811250000000        6.81621958333333      -0.693825497391028     
  0.890811250000000        7.11249000000000      -0.646895548458156     
   1.18708166666667       2.000000000000000E-003  -6.51384834626940     
   1.18708166666667       0.298270416666667       -6.31189794411121     
   1.18708166666667       0.594540833333333       -5.80058895716894     
   1.18708166666667       0.890811250000000       -5.15134173295803     
   1.18708166666667        1.18708166666667       -4.48996339497122     
   1.18708166666667        1.48335208333333       -3.88078567015569     
   1.18708166666667        1.77962250000000       -3.35046804725003     
   1.18708166666667        2.07589291666667       -2.90572072696076     
   1.18708166666667        2.37216333333333       -2.54109087625736     
   1.18708166666667        2.66843375000000       -2.24386329147975     
   1.18708166666667        2.96470416666667       -2.00056556103202     
   1.18708166666667        3.26097458333333       -1.79843112701470     
   1.18708166666667        3.55724500000000       -1.62658124077292     
   1.18708166666667        3.85351541666667       -1.47699281780841     
   1.18708166666667        4.14978583333333       -1.34474693534566     
   1.18708166666667        4.44605625000000       -1.22734661759195     
   1.18708166666667        4.74232666666667       -1.12353360192566     
   1.18708166666667        5.03859708333333       -1.03229464215505     
   1.18708166666667        5.33486750000000      -0.952424797362275     
   1.18708166666667        5.63113791666667      -0.882766552287545     
   1.18708166666667        5.92740833333333      -0.822155787535189     
   1.18708166666667        6.22367875000000      -0.768927476103478     
   1.18708166666667        6.51994916666667      -0.720391683949603     
   1.18708166666667        6.81621958333333      -0.673778719510113     
   1.18708166666667        7.11249000000000      -0.629157130639039     
   1.48335208333333       2.000000000000000E-003  -5.22157323377988     
   1.48335208333333       0.298270416666667       -5.10099216365029     
   1.48335208333333       0.594540833333333       -4.78054335917259     
   1.48335208333333       0.890811250000000       -4.34794325885766     
   1.48335208333333        1.18708166666667       -3.88078800509701     
   1.48335208333333        1.48335208333333       -3.42962167489907     
   1.48335208333333        1.77962250000000       -3.02113156855951     
   1.48335208333333        2.07589291666667       -2.66696635812073     
   1.48335208333333        2.37216333333333       -2.36683184665244     
   1.48335208333333        2.66843375000000       -2.11533379749687     
   1.48335208333333        2.96470416666667       -1.90464716992212     
   1.48335208333333        3.26097458333333       -1.72616667318495     
   1.48335208333333        3.55724500000000       -1.57109933485661     
   1.48335208333333        3.85351541666667       -1.43325075312422     
   1.48335208333333        4.14978583333333       -1.30912441933586     
   1.48335208333333        4.44605625000000       -1.19751143801721     
   1.48335208333333        4.74232666666667       -1.09787926728875     
   1.48335208333333        5.03859708333333       -1.00963859745290     
   1.48335208333333        5.33486750000000      -0.931860067858035     
   1.48335208333333        5.63113791666667      -0.863389717789672     
   1.48335208333333        5.92740833333333      -0.803022179098113     
   1.48335208333333        6.22367875000000      -0.749280718028249     
   1.48335208333333        6.51994916666667      -0.700305798677962     
   1.48335208333333        6.81621958333333      -0.654575178186499     
   1.48335208333333        7.11249000000000      -0.611683489733364     
   1.77962250000000       2.000000000000000E-003  -4.24687758641472     
   1.77962250000000       0.298270416666667       -4.17223810286356     
   1.77962250000000       0.594540833333333       -3.96739355647978     
   1.77962250000000       0.890811250000000       -3.67788969345835     
   1.77962250000000        1.18708166666667       -3.35047198481610     
   1.77962250000000        1.48335208333333       -3.02113338526924     
   1.77962250000000        1.77962250000000       -2.71251862000733     
   1.77962250000000        2.07589291666667       -2.43513230562557     
   1.77962250000000        2.37216333333333       -2.19236813839413     
   1.77962250000000        2.66843375000000       -1.98443431271537     
   1.77962250000000        2.96470416666667       -1.80684769124871     
   1.77962250000000        3.26097458333333       -1.65272331220969     
   1.77962250000000        3.55724500000000       -1.51502080446206     
   1.77962250000000        3.85351541666667       -1.38877162859253     
   1.77962250000000        4.14978583333333       -1.27232334850857     
   1.77962250000000        4.44605625000000       -1.16602545984506     
   1.77962250000000        4.74232666666667       -1.07036599410943     
   1.77962250000000        5.03859708333333      -0.985149005384461     
   1.77962250000000        5.33486750000000      -0.909469098360865     
   1.77962250000000        5.63113791666667      -0.842357765882594     
   1.77962250000000        5.92740833333333      -0.782718413932259     
   1.77962250000000        6.22367875000000      -0.729402739643593     
   1.77962250000000        6.51994916666667      -0.681059387249533     
   1.77962250000000        6.81621958333333      -0.636529270242153     
   1.77962250000000        7.11249000000000      -0.595105167211867     
   2.07589291666667       2.000000000000000E-003  -3.51459693441705     
   2.07589291666667       0.298270416666667       -3.46612487375744     
   2.07589291666667       0.594540833333333       -3.33155295376913     
   2.07589291666667       0.890811250000000       -3.13518699472500     
   2.07589291666667        1.18708166666667       -2.90572581398836     
   2.07589291666667        1.48335208333333       -2.66696962699619     
   2.07589291666667        1.77962250000000       -2.43513390240469     
   2.07589291666667        2.07589291666667       -2.21968354932528     
   2.07589291666667        2.37216333333333       -2.02719457960730     
   2.07589291666667        2.66843375000000       -1.85905904699351     
   2.07589291666667        2.96470416666667       -1.71273021085716     
   2.07589291666667        3.26097458333333       -1.58255554503345     
   2.07589291666667        3.55724500000000       -1.46166002351648     
   2.07589291666667        3.85351541666667       -1.34581616813636     
   2.07589291666667        4.14978583333333       -1.23568202523348     
   2.07589291666667        4.44605625000000       -1.13393904844616     
   2.07589291666667        4.74232666666667       -1.04195462885249     
   2.07589291666667        5.03859708333333      -0.959625709813032     
   2.07589291666667        5.33486750000000      -0.886170237644088     
   2.07589291666667        5.63113791666667      -0.820639288234857     
   2.07589291666667        5.92740833333333      -0.762242012949362     
   2.07589291666667        6.22367875000000      -0.710020544054920     
   2.07589291666667        6.51994916666667      -0.662838741500756     
   2.07589291666667        6.81621958333333      -0.619671770998298     
   2.07589291666667        7.11249000000000      -0.579607318017883     
   2.37216333333333       2.000000000000000E-003  -2.96312842300632     
   2.37216333333333       0.298270416666667       -2.93070890577706     
   2.37216333333333       0.594540833333333       -2.83961314202948     
   2.37216333333333       0.890811250000000       -2.70393644349813     
   2.37216333333333        1.18708166666667       -2.54109680138996     
   2.37216333333333        1.48335208333333       -2.36683628072095     
   2.37216333333333        1.77962250000000       -2.19237118404411     
   2.37216333333333        2.07589291666667       -2.02719612413180     
   2.37216333333333        2.37216333333333       -1.87691122454397     
   2.37216333333333        2.66843375000000       -1.74316762060986     
   2.37216333333333        2.96470416666667       -1.62503512634491     
   2.37216333333333        3.26097458333333       -1.51778960430877     
   2.37216333333333        3.55724500000000       -1.41270270670722     
   2.37216333333333        3.85351541666667       -1.30490713566430     
   2.37216333333333        4.14978583333333       -1.19911026881107     
   2.37216333333333        4.44605625000000       -1.10135871102080     
   2.37216333333333        4.74232666666667       -1.01311180746499     
   2.37216333333333        5.03859708333333      -0.933714536633067     
   2.37216333333333        5.33486750000000      -0.862461230549398     
   2.37216333333333        5.63113791666667      -0.798728768120728     
   2.37216333333333        5.92740833333333      -0.741824253380067     
   2.37216333333333        6.22367875000000      -0.691060548228326     
   2.37216333333333        6.51994916666667      -0.645415867083025     
   2.37216333333333        6.81621958333333      -0.603747247311494     
   2.37216333333333        7.11249000000000      -0.565084418298420     
   2.66843375000000       2.000000000000000E-003  -2.54506438271929     
   2.66843375000000       0.298270416666667       -2.52237520829991     
   2.66843375000000       0.594540833333333       -2.45824937768182     
   2.66843375000000       0.890811250000000       -2.36163077971759     
   2.66843375000000        1.18708166666667       -2.24386973106049     
   2.66843375000000        1.48335208333333       -2.11533910475357     
   2.66843375000000        1.77962250000000       -1.98443850661688     
   2.66843375000000        2.07589291666667       -1.85906191310502     
   2.66843375000000        2.37216333333333       -1.74316905435971     
   2.66843375000000        2.66843375000000       -1.63810004822805     
   2.66843375000000        2.96470416666667       -1.54385274579064     
   2.66843375000000        3.26097458333333       -1.45768781310231     
   2.66843375000000        3.55724500000000       -1.36741085586308     
   2.66843375000000        3.85351541666667       -1.26406690258480     
   2.66843375000000        4.14978583333333       -1.16120881088834     
   2.66843375000000        4.44605625000000       -1.06828385939189     
   2.66843375000000        4.74232666666667      -0.984225820530120     
   2.66843375000000        5.03859708333333      -0.907719501707185     
   2.66843375000000        5.33486750000000      -0.838559514158775     
   2.66843375000000        5.63113791666667      -0.776641793725086     
   2.66843375000000        5.92740833333333      -0.721461596967865     
   2.66843375000000        6.22367875000000      -0.672343226297730     
   2.66843375000000        6.51994916666667      -0.628316681225704     
   2.66843375000000        6.81621958333333      -0.588199019030745     
   2.66843375000000        7.11249000000000      -0.550956029363871     
   2.96470416666667       2.000000000000000E-003  -2.22129581808463     
   2.96470416666667       0.298270416666667       -2.20480196238178     
   2.96470416666667       0.594540833333333       -2.15810285563998     
   2.96470416666667       0.890811250000000       -2.08740671545673     
   2.96470416666667        1.18708166666667       -2.00057214834757     
   2.96470416666667        1.48335208333333       -1.90465297983422     
   2.96470416666667        1.77962250000000       -1.80685257899700     
   2.96470416666667        2.07589291666667       -1.71273397728418     
   2.96470416666667        2.37216333333333       -1.62503764191402     
   2.96470416666667        2.66843375000000       -1.54385396899853     
   2.96470416666667        2.96470416666667       -1.46775984593887     
   2.96470416666667        3.26097458333333       -1.39753002380185     
   2.96470416666667        3.55724500000000       -1.32127724672564     
   2.96470416666667        3.85351541666667       -1.21896730984945     
   2.96470416666667        4.14978583333333       -1.12187768448601     
   2.96470416666667        4.44605625000000       -1.03599264972871     
   2.96470416666667        4.74232666666667      -0.955734197923640     
   2.96470416666667        5.03859708333333      -0.881412599791644     
   2.96470416666667        5.33486750000000      -0.814046748103849     
   2.96470416666667        5.63113791666667      -0.753928154354406     
   2.96470416666667        5.92740833333333      -0.700705319276582     
   2.96470416666667        6.22367875000000      -0.653452534888913     
   2.96470416666667        6.51994916666667      -0.611175431827253     
   2.96470416666667        6.81621958333333      -0.572659447021414     
   2.96470416666667        7.11249000000000      -0.536851594680760     
   3.26097458333333       2.000000000000000E-003  -1.96431474405262     
   3.26097458333333       0.298270416666667       -1.95193829402590     
   3.26097458333333       0.594540833333333       -1.91689626262026     
   3.26097458333333       0.890811250000000       -1.86380098912157     
   3.26097458333333        1.18708166666667       -1.79843748044481     
   3.26097458333333        1.48335208333333       -1.72617247992612     
   3.26097458333333        1.77962250000000       -1.65272837761739     
   3.26097458333333        2.07589291666667       -1.58255963712547     
   3.26097458333333        2.37216333333333       -1.51779256923981     
   3.26097458333333        2.66843375000000       -1.45768972180996     
   3.26097458333333        2.96470416666667       -1.39753110450438     
   3.26097458333333        3.26097458333333       -1.33163356934883     
   3.26097458333333        3.55724500000000       -1.26052440839778     
   3.26097458333333        3.85351541666667       -1.16965698577165     
   3.26097458333333        4.14978583333333       -1.08674836572310     
   3.26097458333333        4.44605625000000       -1.00500966779463     
   3.26097458333333        4.74232666666667      -0.926126858311615     
   3.26097458333333        5.03859708333333      -0.853360614501239     
   3.26097458333333        5.33486750000000      -0.787901562956109     
   3.26097458333333        5.63113791666667      -0.729884104717276     
   3.26097458333333        5.92740833333333      -0.678869813919435     
   3.26097458333333        6.22367875000000      -0.633732722492191     
   3.26097458333333        6.51994916666667      -0.593364606843641     
   3.26097458333333        6.81621958333333      -0.556536976357995     
   3.26097458333333        7.11249000000000      -0.522216508772613     
   3.55724500000000       2.000000000000000E-003  -1.75433233805839     
   3.55724500000000       0.298270416666667       -1.74479249295676     
   3.55724500000000       0.594540833333333       -1.71778883271807     
   3.55724500000000       0.890811250000000       -1.67689749826384     
   3.55724500000000        1.18708166666667       -1.62658702859511     
   3.55724500000000        1.48335208333333       -1.57110472806483     
   3.55724500000000        1.77962250000000       -1.51502557561973     
   3.55724500000000        2.07589291666667       -1.46166389480435     
   3.55724500000000        2.37216333333333       -1.41270547194466     
   3.55724500000000        2.66843375000000       -1.36741272549210     
   3.55724500000000        2.96470416666667       -1.32127881985768     
   3.55724500000000        3.26097458333333       -1.26052531836105     
   3.55724500000000        3.55724500000000       -1.17565906484911     
   3.55724500000000        3.85351541666667       -1.12131886812892     
   3.55724500000000        4.14978583333333       -1.04443180760749     
   3.55724500000000        4.44605625000000      -0.965044886334184     
   3.55724500000000        4.74232666666667      -0.890021606758862     
   3.55724500000000        5.03859708333333      -0.821040721284338     
   3.55724500000000        5.33486750000000      -0.758880022185220     
   3.55724500000000        5.63113791666667      -0.703759655963667     
   3.55724500000000        5.92740833333333      -0.655395096215774     
   3.55724500000000        6.22367875000000      -0.612637281470577     
   3.55724500000000        6.51994916666667      -0.574338138922311     
   3.55724500000000        6.81621958333333      -0.539301079898336     
   3.55724500000000        7.11249000000000      -0.506555917283196     
   3.85351541666667       2.000000000000000E-003  -1.57772712545130     
   3.85351541666667       0.298270416666667       -1.57021097641692     
   3.85351541666667       0.594540833333333       -1.54891986078435     
   3.85351541666667       0.890811250000000       -1.51667351050676     
   3.85351541666667        1.18708166666667       -1.47699782437172     
   3.85351541666667        1.48335208333333       -1.43325545121888     
   3.85351541666667        1.77962250000000       -1.38877582330894     
   3.85351541666667        2.07589291666667       -1.34581952497806     
   3.85351541666667        2.37216333333333       -1.30490940506470     
   3.85351541666667        2.66843375000000       -1.26406831992806     
   3.85351541666667        2.96470416666667       -1.21896861377993     
   3.85351541666667        3.26097458333333       -1.16965780558556     
   3.85351541666667        3.55724500000000       -1.12131834102810     
   3.85351541666667        3.85351541666667       -1.04040465064297     
   3.85351541666667        4.14978583333333      -0.970247040408608     
   3.85351541666667        4.44605625000000      -0.907875514641609     
   3.85351541666667        4.74232666666667      -0.844831013230489     
   3.85351541666667        5.03859708333333      -0.783543277333234     
   3.85351541666667        5.33486750000000      -0.726642153898919     
   3.85351541666667        5.63113791666667      -0.675412031215516     
   3.85351541666667        5.92740833333333      -0.630167342384082     
   3.85351541666667        6.22367875000000      -0.590029088288848     
   3.85351541666667        6.51994916666667      -0.553935108396483     
   3.85351541666667        6.81621958333333      -0.520785291172010     
   3.85351541666667        7.11249000000000      -0.489716751500384     
   4.14978583333333       2.000000000000000E-003  -1.42600199967090     
   4.14978583333333       0.298270416666667       -1.41996919654934     
   4.14978583333333       0.594540833333333       -1.40284262648724     
   4.14978583333333       0.890811250000000       -1.37684274036338     
   4.14978583333333        1.18708166666667       -1.34475109032040     
   4.14978583333333        1.48335208333333       -1.30912831220450     
   4.14978583333333        1.77962250000000       -1.27232683969471     
   4.14978583333333        2.07589291666667       -1.23568480125085     
   4.14978583333333        2.37216333333333       -1.19911206586883     
   4.14978583333333        2.66843375000000       -1.16120975511303     
   4.14978583333333        2.96470416666667       -1.12187829653743     
   4.14978583333333        3.26097458333333       -1.08674858366933     
   4.14978583333333        3.55724500000000       -1.04443103178296     
   4.14978583333333        3.85351541666667      -0.970246253230864     
   4.14978583333333        4.14978583333333      -0.903376713803729     
   4.14978583333333        4.44605625000000      -0.849403430475027     
   4.14978583333333        4.74232666666667      -0.796312566766985     
   4.14978583333333        5.03859708333333      -0.743088771273067     
   4.14978583333333        5.33486750000000      -0.692155109414238     
   4.14978583333333        5.63113791666667      -0.645384656254680     
   4.14978583333333        5.92740833333333      -0.603607129823734     
   4.14978583333333        6.22367875000000      -0.566263185197328     
   4.14978583333333        6.51994916666667      -0.532470491768619     
   4.14978583333333        6.81621958333333      -0.501284222128731     
   4.14978583333333        7.11249000000000      -0.471980427878191     
   4.44605625000000       2.000000000000000E-003  -1.29431927038047     
   4.44605625000000       0.298270416666667       -1.28939899819310     
   4.44605625000000       0.594540833333333       -1.27537409197900     
   4.44605625000000       0.890811250000000       -1.25396495544486     
   4.44605625000000        1.18708166666667       -1.22734998110741     
   4.44605625000000        1.48335208333333       -1.19751453720192     
   4.44605625000000        1.77962250000000       -1.16602823772504     
   4.44605625000000        2.07589291666667       -1.13394125388207     
   4.44605625000000        2.37216333333333       -1.10136009121018     
   4.44605625000000        2.66843375000000       -1.06828439978844     
   4.44605625000000        2.96470416666667       -1.03599258398903     
   4.44605625000000        3.26097458333333       -1.00500910284228     
   4.44605625000000        3.55724500000000      -0.965043836422448     
   4.44605625000000        3.85351541666667      -0.907874523271763     
   4.44605625000000        4.14978583333333      -0.849403004427330     
   4.44605625000000        4.44605625000000      -0.798108141972792     
   4.44605625000000        4.74232666666667      -0.749838497145971     
   4.44605625000000        5.03859708333333      -0.702509398825191     
   4.44605625000000        5.33486750000000      -0.656957300693301     
   4.44605625000000        5.63113791666667      -0.614673416997992     
   4.44605625000000        5.92740833333333      -0.576479082282309     
   4.44605625000000        6.22367875000000      -0.542013603175006     
   4.44605625000000        6.51994916666667      -0.510571444735676     
   4.44605625000000        6.81621958333333      -0.481398247817653     
   4.44605625000000        7.11249000000000      -0.453917660525912     
   4.74232666666667       2.000000000000000E-003  -1.17981423834595     
   4.74232666666667       0.298270416666667       -1.17576303620171     
   4.74232666666667       0.594540833333333       -1.16412254951004     
   4.74232666666667       0.890811250000000       -1.14615334235424     
   4.74232666666667        1.18708166666667       -1.12353633047857     
   4.74232666666667        1.48335208333333       -1.09788170890512     
   4.74232666666667        1.77962250000000       -1.07036811933134     
   4.74232666666667        2.07589291666667       -1.04195628811805     
   4.74232666666667        2.37216333333333       -1.01311278902242     
   4.74232666666667        2.66843375000000      -0.984226040241592     
   4.74232666666667        2.96470416666667      -0.955733761725243     
   4.74232666666667        3.26097458333333      -0.926125973254120     
   4.74232666666667        3.55724500000000      -0.890020555110250     
   4.74232666666667        3.85351541666667      -0.844830180841415     
   4.74232666666667        4.14978583333333      -0.796312192300401     
   4.74232666666667        4.44605625000000      -0.749838455041674     
   4.74232666666667        4.74232666666667      -0.705653108729348     
   4.74232666666667        5.03859708333333      -0.662982639326246     
   4.74232666666667        5.33486750000000      -0.622149163975779     
   4.74232666666667        5.63113791666667      -0.584196330421725     
   4.74232666666667        5.92740833333333      -0.549569086017798     
   4.74232666666667        6.22367875000000      -0.517968666805996     
   4.74232666666667        6.51994916666667      -0.488878221886705     
   4.74232666666667        6.81621958333333      -0.461741353918302     
   4.74232666666667        7.11249000000000      -0.436113743740804     
   5.03859708333333       2.000000000000000E-003  -1.08018379636072     
   5.03859708333333       0.298270416666667       -1.07689073209978     
   5.03859708333333       0.594540833333333       -1.06722072079054     
   5.03859708333333       0.890811250000000       -1.05195577587498     
   5.03859708333333        1.18708166666667       -1.03229695300644     
   5.03859708333333        1.48335208333333       -1.00964057272463     
   5.03859708333333        1.77962250000000      -0.985150624053148     
   5.03859708333333        2.07589291666667      -0.959626912261171     
   5.03859708333333        2.37216333333333      -0.933715186947985     
   5.03859708333333        2.66843375000000      -0.907719528727808     
   5.03859708333333        2.96470416666667      -0.881412095782566     
   5.03859708333333        3.26097458333333      -0.853359818108106     
   5.03859708333333        3.55724500000000      -0.821039953127155     
   5.03859708333333        3.85351541666667      -0.783542811698869     
   5.03859708333333        4.14978583333333      -0.743088686572966     
   5.03859708333333        4.44605625000000      -0.702509536531811     
   5.03859708333333        4.74232666666667      -0.662982764350289     
   5.03859708333333        5.03859708333333      -0.624802027380307     
   5.03859708333333        5.33486750000000      -0.588463576487966     
   5.03859708333333        5.63113791666667      -0.554650411495034     
   5.03859708333333        5.92740833333333      -0.523414906938660     
   5.03859708333333        6.22367875000000      -0.494560565403682     
   5.03859708333333        6.51994916666667      -0.467771908802414     
   5.03859708333333        6.81621958333333      -0.442718282081767     
   5.03859708333333        7.11249000000000      -0.418971413881548     
   5.33486750000000       2.000000000000000E-003 -0.993317439207305     
   5.33486750000000       0.298270416666667      -0.990773753098638     
   5.33486750000000       0.594540833333333      -0.982971353577682     
   5.33486750000000       0.890811250000000      -0.969920055118303     
   5.33486750000000        1.18708166666667      -0.952426928998793     
   5.33486750000000        1.48335208333333      -0.931861777366907     
   5.33486750000000        1.77962250000000      -0.909470409144798     
   5.33486750000000        2.07589291666667      -0.886171154484700     
   5.33486750000000        2.37216333333333      -0.862461700396712     
   5.33486750000000        2.66843375000000      -0.838559513384561     
   5.33486750000000        2.96470416666667      -0.814046380421506     
   5.33486750000000        3.26097458333333      -0.787901053623399     
   5.33486750000000        3.55724500000000      -0.758879638201102     
   5.33486750000000        3.85351541666667      -0.726642059828837     
   5.33486750000000        4.14978583333333      -0.692155288827236     
   5.33486750000000        4.44605625000000      -0.656957585733844     
   5.33486750000000        4.74232666666667      -0.622149382463113     
   5.33486750000000        5.03859708333333      -0.588463677981266     
   5.33486750000000        5.33486750000000      -0.556470276460269     
   5.33486750000000        5.63113791666667      -0.526381492064499     
   5.33486750000000        5.92740833333333      -0.498214113148764     
   5.33486750000000        6.22367875000000      -0.472087935673116     
   5.33486750000000        6.51994916666667      -0.447769706575141     
   5.33486750000000        6.81621958333333      -0.424871816436543     
   5.33486750000000        7.11249000000000      -0.403001867314441     
   5.63113791666667       2.000000000000000E-003 -0.917217582733680     
   5.63113791666667       0.298270416666667      -0.915734654405973     
   5.63113791666667       0.594540833333333      -0.910075235679967     
   5.63113791666667       0.890811250000000      -0.898905088995084     
   5.63113791666667        1.18708166666667      -0.882768566190198     
   5.63113791666667        1.48335208333333      -0.863391298552531     
   5.63113791666667        1.77962250000000      -0.842358917156508     
   5.63113791666667        2.07589291666667      -0.820640078280209     
   5.63113791666667        2.37216333333333      -0.798729226740301     
   5.63113791666667        2.66843375000000      -0.776641938264385     
   5.63113791666667        2.96470416666667      -0.753928052270543     
   5.63113791666667        3.26097458333333      -0.729883939260417     
   5.63113791666667        3.55724500000000      -0.703759607377665     
   5.63113791666667        3.85351541666667      -0.675412187940756     
   5.63113791666667        4.14978583333333      -0.645384967229142     
   5.63113791666667        4.44605625000000      -0.614673759949161     
   5.63113791666667        4.74232666666667      -0.584196617099724     
   5.63113791666667        5.03859708333333      -0.554650617298221     
   5.63113791666667        5.33486750000000      -0.526381612375952     
   5.63113791666667        5.63113791666667      -0.499518094661951     
   5.63113791666667        5.92740833333333      -0.474408813451265     
   5.63113791666667        6.22367875000000      -0.451069032385573     
   5.63113791666667        6.51994916666667      -0.429254674560754     
   5.63113791666667        6.81621958333333      -0.408531568640285     
   5.63113791666667        7.11249000000000      -0.388434384886504     
   5.92740833333333       2.000000000000000E-003 -0.849982121300984     
   5.92740833333333       0.298270416666667      -0.850452079853408     
   5.92740833333333       0.594540833333333      -0.847833112219848     
   5.92740833333333       0.890811250000000      -0.838048415017712     
   5.92740833333333        1.18708166666667      -0.822157539882667     
   5.92740833333333        1.48335208333333      -0.803023568091029     
   5.92740833333333        1.77962250000000      -0.782719458960289     
   5.92740833333333        2.07589291666667      -0.762242755173951     
   5.92740833333333        2.37216333333333      -0.741824753161472     
   5.92740833333333        2.66843375000000      -0.721461910145084     
   5.92740833333333        2.96470416666667      -0.700705526243733     
   5.92740833333333        3.26097458333333      -0.678870018894807     
   5.92740833333333        3.55724500000000      -0.655395389889540     
   5.92740833333333        3.85351541666667      -0.630167751591110     
   5.92740833333333        4.14978583333333      -0.603607607935406     
   5.92740833333333        4.44605625000000      -0.576479552635370     
   5.92740833333333        4.74232666666667      -0.549569496005882     
   5.92740833333333        5.03859708333333      -0.523415248527714     
   5.92740833333333        5.33486750000000      -0.498214397468430     
   5.92740833333333        5.63113791666667      -0.474408960749525     
   5.92740833333333        5.92740833333333      -0.452235030196682     
   5.92740833333333        6.22367875000000      -0.431635458662762     
   5.92740833333333        6.51994916666667      -0.412339110295844     
   5.92740833333333        6.81621958333333      -0.393795876769610     
   5.92740833333333        7.11249000000000      -0.375346362816558     
   6.22367875000000       2.000000000000000E-003 -0.790313604430837     
   6.22367875000000       0.298270416666667      -0.794870753198520     
   6.22367875000000       0.594540833333333      -0.796310682352822     
   6.22367875000000       0.890811250000000      -0.786193705149337     
   6.22367875000000        1.18708166666667      -0.768928824887230     
   6.22367875000000        1.48335208333333      -0.749281811742650     
   6.22367875000000        1.77962250000000      -0.729403625199534     
   6.22367875000000        2.07589291666667      -0.710021251575145     
   6.22367875000000        2.37216333333333      -0.691061095854588     
   6.22367875000000        2.66843375000000      -0.672343660512098     
   6.22367875000000        2.96470416666667      -0.653452932020224     
   6.22367875000000        3.26097458333333      -0.633733164935063     
   6.22367875000000        3.55724500000000      -0.612637819295126     
   6.22367875000000        3.85351541666667      -0.590029712547137     
   6.22367875000000        4.14978583333333      -0.566263838538759     
   6.22367875000000        4.44605625000000      -0.542014217549885     
   6.22367875000000        4.74232666666667      -0.517969205625525     
   6.22367875000000        5.03859708333333      -0.494561046469014     
   6.22367875000000        5.33486750000000      -0.472088342012820     
   6.22367875000000        5.63113791666667      -0.451069252290100     
   6.22367875000000        5.92740833333333      -0.431635513393647     
   6.22367875000000        6.22367875000000      -0.413730464760818     
   6.22367875000000        6.51994916666667      -0.397012676043237     
   6.22367875000000        6.81621958333333      -0.380647943268610     
   6.22367875000000        7.11249000000000      -0.363646026278537     
   6.51994916666667       2.000000000000000E-003 -0.740253290974433     
   6.51994916666667       0.298270416666667      -0.751757527479734     
   6.51994916666667       0.594540833333333      -0.754449270179210     
   6.51994916666667       0.890811250000000      -0.740124409199596     
   6.51994916666667        1.18708166666667      -0.720392695490496     
   6.51994916666667        1.48335208333333      -0.700306633106722     
   6.51994916666667        1.77962250000000      -0.681060096524024     
   6.51994916666667        2.07589291666667      -0.662839396011910     
   6.51994916666667        2.37216333333333      -0.645416446206697     
   6.51994916666667        2.66843375000000      -0.628317192559115     
   6.51994916666667        2.96470416666667      -0.611175938825583     
   6.51994916666667        3.26097458333333      -0.593365180057870     
   6.51994916666667        3.55724500000000      -0.574338811397155     
   6.51994916666667        3.85351541666667      -0.553935856644235     
   6.51994916666667        4.14978583333333      -0.532471250976498     
   6.51994916666667        4.44605625000000      -0.510572147418229     
   6.51994916666667        4.74232666666667      -0.488878839589158     
   6.51994916666667        5.03859708333333      -0.467772474811627     
   6.51994916666667        5.33486750000000      -0.447770121558982     
   6.51994916666667        5.63113791666667      -0.429254844169229     
   6.51994916666667        5.92740833333333      -0.412339092112187     
   6.51994916666667        6.22367875000000      -0.397012611148408     
   6.51994916666667        6.51994916666667      -0.382880364026340     
   6.51994916666667        6.81621958333333      -0.368704199082024     
   6.51994916666667        7.11249000000000      -0.352880392040959     
   6.81621958333333       2.000000000000000E-003 -0.705848017352969     
   6.81621958333333       0.298270416666667      -0.719330807923457     
   6.81621958333333       0.594540833333333      -0.712686868426955     
   6.81621958333333       0.890811250000000      -0.693826682992935     
   6.81621958333333        1.18708166666667      -0.673779732454697     
   6.81621958333333        1.48335208333333      -0.654575939481542     
   6.81621958333333        1.77962250000000      -0.636529871082110     
   6.81621958333333        2.07589291666667      -0.619672372174376     
   6.81621958333333        2.37216333333333      -0.603747839753829     
   6.81621958333333        2.66843375000000      -0.588199567733008     
   6.81621958333333        2.96470416666667      -0.572659997974986     
   6.81621958333333        3.26097458333333      -0.556537588297204     
   6.81621958333333        3.55724500000000      -0.539301778003850     
   6.81621958333333        3.85351541666667      -0.520786053038835     
   6.81621958333333        4.14978583333333      -0.501284987077854     
   6.81621958333333        4.44605625000000      -0.481398953027534     
   6.81621958333333        4.74232666666667      -0.461741973500662     
   6.81621958333333        5.03859708333333      -0.442718824847700     
   6.81621958333333        5.33486750000000      -0.424872144764026     
   6.81621958333333        5.63113791666667      -0.408531604126817     
   6.81621958333333        5.92740833333333      -0.393795679751646     
   6.81621958333333        6.22367875000000      -0.380647644402134     
   6.81621958333333        6.51994916666667      -0.368703972988559     
   6.81621958333333        6.81621958333333      -0.356250969552126     
   6.81621958333333        7.11249000000000      -0.341027994560684     
   7.11249000000000       2.000000000000000E-003 -0.668184660556608     
   7.11249000000000       0.298270416666667      -0.673114462139296     
   7.11249000000000       0.594540833333333      -0.663371143600714     
   7.11249000000000       0.890811250000000      -0.646897202841878     
   7.11249000000000        1.18708166666667      -0.629158428049739     
   7.11249000000000        1.48335208333333      -0.611684326902909     
   7.11249000000000        1.77962250000000      -0.595105750621360     
   7.11249000000000        2.07589291666667      -0.579607900049527     
   7.11249000000000        2.37216333333333      -0.565085015417469     
   7.11249000000000        2.66843375000000      -0.550956585122492     
   7.11249000000000        2.96470416666667      -0.536852138386319     
   7.11249000000000        3.26097458333333      -0.522217086260756     
   7.11249000000000        3.55724500000000      -0.506556551048838     
   7.11249000000000        3.85351541666667      -0.489717430544177     
   7.11249000000000        4.14978583333333      -0.471981108212487     
   7.11249000000000        4.44605625000000      -0.453918292810903     
   7.11249000000000        4.74232666666667      -0.436114302325714     
   7.11249000000000        5.03859708333333      -0.418971878211284     
   7.11249000000000        5.33486750000000      -0.403002100308106     
   7.11249000000000        5.63113791666667      -0.388434319949608     
   7.11249000000000        5.92740833333333      -0.375346014292361     
   7.11249000000000        6.22367875000000      -0.363645380444250     
   7.11249000000000        6.51994916666667      -0.352879515101435     
   7.11249000000000        6.81621958333333      -0.341027623627889     
   7.11249000000000        7.11249000000000      -0.325144260505029     
